-- Colorspaces

type SRGB = [3]f32
type RGB = [3]f32
type XYZ = [3]f32
type AP0 = [3]f32
type AP1 = [3]f32

let ap0_to_xyz': [3][3]f32 = [
  [0.9525523959, 000000000000,  0.0000936786],
  [0.3439664498, 0.7281660966, -0.0721325464],
  [0.0000000000, 0.0000000000, 1.0088251844]
]

let xyz_to_ap0': [3][3]f32 = [
  [ 1.0498110175, 0.0000000000, -0.0000974845],
  [-0.4959030231, 1.3733130458,  0.0982400361],
  [ 0.0000000000, 0.0000000000,  0.9912520182]
]

let xyz_to_ap1': [3][3]f32 = [
  [ 1.6410233797, -0.3248032942, -0.2364246952],
  [-0.6636628587,  1.6153315917,  0.0167563477],
  [ 0.0117218943, -0.0082844420,  0.9883948585]
]

let ap1_to_xyz': [3][3]f32 = [
  [ 0.6624541811 , 0.1340042065, 0.1561876870 ],
  [ 0.2722287168 , 0.6740817658, 0.0536895174 ],
  [-0.0055746495 , 0.0040607335, 1.0103391003 ]
]

let srgb_to_xyz': [3][3]f32 = [
  [0.4360747, 0.3850649, 0.1430804],
  [0.2225045, 0.7168786, 0.0606169],
  [0.0139322, 0.0971045, 0.7141733]
]

let xyz_to_srgb': [3][3]f32 = [
  [ 3.1338561, -1.6168667, -0.4906146],
  [-0.9787684,  1.9161415,  0.0334540],
  [ 0.0719453, -0.2289914,  1.4052427]
]

let xyz_to_rec709': [3][3]f32 = [
  [ 3.2409699419, -1.5373831776, -0.4986107603],
  [-0.9692436363,  1.8759675015,  0.0415550574],
  [ 0.0556300797, -0.2039769589,  1.0569715142]
]

let xyz_to_rec2020': [3][3]f32 = [
  [ 1.7166511880, -0.3556707838, -0.2533662814],
  [-0.6666843518,  1.6164812366,  0.0157685458],
  [ 0.0176398574, -0.0427706133,  0.9421031212]
]

-- Illuminants

let d50: XYZ = [0.96422, 1.00000, 0.82521]
let d55: XYZ = [0.95682, 1.00000, 0.92149]
let d65: XYZ = [0.95047, 1.00000, 1.08883]
let d75: XYZ = [0.94972, 1.00000, 1.22638]
